<?xml version="1.0"?>
<opencv_storage>
<R type_id="opencv-matrix">
  <rows>3</rows>
  <cols>3</cols>
  <dt>d</dt>
  <data>
    9.8139129502530431e-01 1.8986559171936382e-01 2.8673735885170179e-02
    8.6046818406867759e-02 -3.0135198686601028e-01
    -9.4962251713718526e-01 -1.7165975384641613e-01
    9.3441855562320897e-01 -3.1208154674127081e-01</data></R>
<T type_id="opencv-matrix">
  <rows>3</rows>
  <cols>1</cols>
  <dt>d</dt>
  <data>
    -3.4575409057522009e+01 7.2553082439339050e+02
    2.4772707481100570e+03</data></T>
<Cam_location>
  3.9675007320732738e+02 -2.0896029183734972e+03 1.4630823006355972e+03</Cam_location>
<RT type_id="opencv-matrix">
  <rows>3</rows>
  <cols>4</cols>
  <dt>d</dt>
  <data>
    9.8139129502530431e-01 1.8986559171936382e-01 2.8673735885170179e-02
    -3.4575409057522009e+01 8.6046818406867759e-02
    -3.0135198686601028e-01 -9.4962251713718526e-01
    7.2553082439339050e+02 -1.7165975384641613e-01
    9.3441855562320897e-01 -3.1208154674127081e-01
    2.4772707481100570e+03</data></RT>
</opencv_storage>
