<?xml version="1.0"?>
<opencv_storage>
<calibration_time>"Thu Sep 27 20:39:16 2018"</calibration_time>
<nr_of_frames>9</nr_of_frames>
<image_width>648</image_width>
<image_height>486</image_height>
<board_width>7</board_width>
<board_height>4</board_height>
<square_size>110.</square_size>
<fix_aspect_ratio>1.</fix_aspect_ratio>
<!-- flags: +fix_aspectRatio +fix_principal_point +zero_tangent_dist +fix_k4 +fix_k5 -->
<flags>6158</flags>
<fisheye_model>0</fisheye_model>
<camera_matrix type_id="opencv-matrix">
  <rows>3</rows>
  <cols>3</cols>
  <dt>d</dt>
  <data>
    6.5075485471063155e+02 0. 324. 0. 6.5075485471063155e+02 243. 0. 0.
    1.</data></camera_matrix>
<distortion_coefficients type_id="opencv-matrix">
  <rows>5</rows>
  <cols>1</cols>
  <dt>d</dt>
  <data>
    -1.9825235497392173e-02 1.7251623667483502e+00 0. 0.
    -8.4353240592172778e+00</data></distortion_coefficients>
<avg_reprojection_error>2.2665263603540889e-01</avg_reprojection_error>
<per_view_reprojection_errors type_id="opencv-matrix">
  <rows>9</rows>
  <cols>1</cols>
  <dt>f</dt>
  <data>
    2.89382339e-01 2.22219676e-01 2.65223920e-01 2.41346419e-01
    2.02622533e-01 1.97907791e-01 2.59047955e-01 1.60718188e-01
    1.65733680e-01</data></per_view_reprojection_errors>
<!-- a set of 6-tuples (rotation vector + translation vector) for each view -->
<extrinsic_parameters type_id="opencv-matrix">
  <rows>9</rows>
  <cols>6</cols>
  <dt>d</dt>
  <data>
    -7.1702374209001796e-01 -2.4196946929130780e-01
    -1.0036880793042861e-01 -1.1348188412361353e+02
    -1.2313524866480057e+01 4.3460084058313345e+02
    -5.8346839057983391e-01 -3.6990913031662166e-02
    4.7842832061014785e-02 -5.4628246271006795e+01
    -7.3498335822918818e+01 4.7252899120519817e+02
    -9.2291885377031790e-01 -9.2054738466869832e-02
    -6.5181011255758772e-02 -1.0399117688314789e+02
    3.3956165671782202e+01 5.2142876578705682e+02
    -7.1358433830994339e-01 -5.0472462607178432e-03
    1.5248648220890709e-02 -9.8225626078640822e+00
    -9.5067684332233469e+01 5.5696747823543137e+02
    -6.7655449880039309e-01 6.1486085294293569e-01
    -1.4689631584892426e+00 2.2428070144759893e+01
    9.7422823921719683e+01 6.0150995613114139e+02
    -7.0802486687663324e-01 6.5844305558923732e-01
    -1.4158501091059543e+00 4.6229615540031162e+01
    7.5794684928965850e+01 6.2230730241086633e+02
    -7.4656586477006726e-01 1.8036736554103910e-01
    -1.3961507901600729e+00 -1.4470456307355775e+02
    1.2516883629410925e+02 5.3887162493331221e+02
    -3.7720606896532122e-01 3.5604253410955472e-01
    -2.0225743313907905e+00 -9.3698034530068028e+01
    1.3758832481843550e+02 5.2855772611343980e+02
    -3.6549045877271769e-01 3.6887162421887909e-01
    -2.0294754945115656e+00 -9.5698713961334619e+01
    1.3739527393495334e+02 5.3555281876850268e+02</data></extrinsic_parameters>
<image_points type_id="opencv-matrix">
  <rows>9</rows>
  <cols>28</cols>
  <dt>"2f"</dt>
  <data>
    1.53543930e+02 2.23811096e+02 1.96475327e+02 2.24421265e+02
    2.38200974e+02 2.24504150e+02 2.78129364e+02 2.24664810e+02
    3.16821686e+02 2.24493683e+02 3.54476715e+02 2.24250366e+02
    3.90811462e+02 2.24174347e+02 1.53656998e+02 2.56531311e+02
    1.98544083e+02 2.56245270e+02 2.41902481e+02 2.55524292e+02
    2.83544891e+02 2.55025192e+02 3.23564301e+02 2.54744110e+02
    3.62463104e+02 2.54296341e+02 4.00181793e+02 2.53366409e+02
    1.53832367e+02 2.91774200e+02 2.00711746e+02 2.90413177e+02
    2.45916885e+02 2.89202179e+02 2.89238220e+02 2.88095856e+02
    3.30979950e+02 2.86877655e+02 3.71498596e+02 2.85435944e+02
    4.10602783e+02 2.84237946e+02 1.53994461e+02 3.29899170e+02
    2.03004944e+02 3.28057526e+02 2.50356659e+02 3.26140564e+02
    2.95632874e+02 3.23761475e+02 3.39213928e+02 3.21912384e+02
    3.81088470e+02 3.20365295e+02 4.21473755e+02 3.18753174e+02
    2.48656937e+02 1.41163696e+02 2.87206573e+02 1.43971573e+02
    3.25698547e+02 1.46361511e+02 3.64103882e+02 1.48766769e+02
    4.02370392e+02 1.50737549e+02 4.40746582e+02 1.52688766e+02
    4.79286194e+02 1.54695053e+02 2.44858810e+02 1.71526917e+02
    2.84641235e+02 1.74083191e+02 3.24475708e+02 1.76339279e+02
    3.64121307e+02 1.78540894e+02 4.03565887e+02 1.81126511e+02
    4.43159485e+02 1.83346802e+02 4.82944855e+02 1.85191071e+02
    2.40781754e+02 2.03505753e+02 2.81832825e+02 2.05755737e+02
    3.23068604e+02 2.08277710e+02 3.63979584e+02 2.10600784e+02
    4.04952423e+02 2.12794159e+02 4.45975372e+02 2.14848038e+02
    4.87253815e+02 2.16933578e+02 2.36243027e+02 2.37441833e+02
    2.78736298e+02 2.40156052e+02 3.21492218e+02 2.42642838e+02
    3.63935089e+02 2.44627808e+02 4.06409393e+02 2.47017944e+02
    4.48774200e+02 2.49557938e+02 4.91359619e+02 2.52104584e+02
    1.93949081e+02 2.84811768e+02 2.29373383e+02 2.84495667e+02
    2.64395630e+02 2.83763611e+02 2.98837372e+02 2.83183990e+02
    3.32868500e+02 2.82237000e+02 3.66654694e+02 2.81190887e+02
    4.00189606e+02 2.80257416e+02 1.91655396e+02 3.09318512e+02
    2.28589203e+02 3.08474121e+02 2.65313080e+02 3.07348297e+02
    3.01263947e+02 3.06400940e+02 3.36686005e+02 3.05756531e+02
    3.71794983e+02 3.04684998e+02 4.06715515e+02 3.03427643e+02
    1.89110962e+02 3.35726166e+02 2.27708511e+02 3.34357208e+02
    2.66236572e+02 3.33138367e+02 3.03737488e+02 3.32003815e+02
    3.40845428e+02 3.30745056e+02 3.77604523e+02 3.29267975e+02
    4.14153595e+02 3.27943848e+02 1.86208710e+02 3.64167755e+02
    2.26737869e+02 3.62853485e+02 2.67067169e+02 3.61437256e+02
    3.06482910e+02 3.59521698e+02 3.45425751e+02 3.58084564e+02
    3.83905853e+02 3.56825897e+02 4.22041016e+02 3.55832245e+02
    3.12716858e+02 1.31273392e+02 3.45264801e+02 1.32340546e+02
    3.78129028e+02 1.32786209e+02 4.10807770e+02 1.33430786e+02
    4.43732513e+02 1.33587570e+02 4.76848724e+02 1.33773834e+02
    5.10011230e+02 1.34055817e+02 3.11837097e+02 1.53662537e+02
    3.45519348e+02 1.54411118e+02 3.79456512e+02 1.54785736e+02
    4.13421875e+02 1.55196625e+02 4.47362579e+02 1.55896942e+02
    4.81486542e+02 1.56272629e+02 5.15910706e+02 1.56387268e+02
    3.10925018e+02 1.77216232e+02 3.45718689e+02 1.77662903e+02
    3.80859680e+02 1.78240219e+02 4.15956238e+02 1.78794785e+02
    4.51268280e+02 1.79256943e+02 4.86718018e+02 1.79283997e+02
    5.22445801e+02 1.79505280e+02 3.09823212e+02 2.01859772e+02
    3.45957275e+02 2.02750214e+02 3.82462891e+02 2.03498810e+02
    4.18835388e+02 2.03590408e+02 4.55477264e+02 2.03966080e+02
    4.92344360e+02 2.04614426e+02 5.29112976e+02 2.05424835e+02
    3.47747772e+02 3.48424957e+02 3.48688385e+02 3.18125092e+02
    3.49384888e+02 2.87684875e+02 3.49908447e+02 2.57541565e+02
    3.50431976e+02 2.27497635e+02 3.50652649e+02 1.97493530e+02
    3.51272522e+02 1.67386597e+02 3.70463104e+02 3.51738708e+02
    3.70991852e+02 3.20359100e+02 3.71476410e+02 2.88873291e+02
    3.71816925e+02 2.57596802e+02 3.72654144e+02 2.26553436e+02
    3.73254974e+02 1.95493439e+02 3.73469330e+02 1.64383408e+02
    3.94368988e+02 3.55418884e+02 3.94601013e+02 3.22736267e+02
    3.95104645e+02 2.90266541e+02 3.95601837e+02 2.57733337e+02
    3.96074097e+02 2.25538391e+02 3.96319366e+02 1.93316956e+02
    3.96649231e+02 1.60993698e+02 4.19684326e+02 3.59447662e+02
    4.20378418e+02 3.25506287e+02 4.20757111e+02 2.91630615e+02
    4.20848633e+02 2.57945587e+02 4.21350342e+02 2.24470520e+02
    4.21793854e+02 1.90951126e+02 4.22577728e+02 1.57491089e+02
    3.71805206e+02 3.22238342e+02 3.73718536e+02 2.93069458e+02
    3.75392731e+02 2.63715698e+02 3.76989166e+02 2.34511520e+02
    3.78405182e+02 2.05419312e+02 3.79677612e+02 1.76256882e+02
    3.81231842e+02 1.46925293e+02 3.93382294e+02 3.25861664e+02
    3.95053802e+02 2.95588989e+02 3.96523193e+02 2.65308868e+02
    3.98033386e+02 2.35013046e+02 3.99804718e+02 2.04779694e+02
    4.01457520e+02 1.74615799e+02 4.02653595e+02 1.44305359e+02
    4.16216187e+02 3.29801208e+02 4.17614868e+02 2.98420990e+02
