<?xml version="1.0"?>
<opencv_storage>
<R type_id="opencv-matrix">
  <rows>3</rows>
  <cols>3</cols>
  <dt>d</dt>
  <data>
    -9.3126094259037306e-01 -3.6425933775425035e-01
    8.2578244425998981e-03 -1.4551381426732257e-01
    3.5104933984295750e-01 -9.2498112999844417e-01
    3.3403411002929773e-01 -8.6260042653285207e-01
    -3.7992330473699087e-01</data></R>
<T type_id="opencv-matrix">
  <rows>3</rows>
  <cols>1</cols>
  <dt>d</dt>
  <data>
    4.7993083213275548e+02 4.7975255769483897e+02 2.2706208049254892e+03</data></T>
<Cam_location>
  -2.4171333610248166e+02 1.9650409432368758e+03 1.3024606383917310e+03</Cam_location>
<RT type_id="opencv-matrix">
  <rows>3</rows>
  <cols>4</cols>
  <dt>d</dt>
  <data>
    -9.3126094259037306e-01 -3.6425933775425035e-01
    8.2578244425998981e-03 4.7993083213275548e+02
    -1.4551381426732257e-01 3.5104933984295750e-01
    -9.2498112999844417e-01 4.7975255769483897e+02
    3.3403411002929773e-01 -8.6260042653285207e-01
    -3.7992330473699087e-01 2.2706208049254892e+03</data></RT>
</opencv_storage>
