<?xml version="1.0"?>
<opencv_storage>
<R type_id="opencv-matrix">
  <rows>3</rows>
  <cols>3</cols>
  <dt>d</dt>
  <data>
    -9.9499940235784445e-01 -3.9541204689679303e-02
    9.1720676181661881e-02 -3.8196468720647504e-02
    9.9913613272284363e-01 1.6371257279548898e-02
    -9.2288780925987912e-02 1.2785985270188177e-02
    -9.9565018932146321e-01</data></R>
<T type_id="opencv-matrix">
  <rows>3</rows>
  <cols>1</cols>
  <dt>d</dt>
  <data>
    1.5767834760275065e+02 -3.0312445575461897e+01
    1.8187289267178621e+03</data></T>
<RT type_id="opencv-matrix">
  <rows>3</rows>
  <cols>4</cols>
  <dt>d</dt>
  <data>
    -9.9499940235784445e-01 -3.9541204689679303e-02
    9.1720676181661881e-02 1.5767834760275065e+02
    -3.8196468720647504e-02 9.9913613272284363e-01
    1.6371257279548898e-02 -3.0312445575461897e+01
    -9.2288780925987912e-02 1.2785985270188177e-02
    -9.9565018932146321e-01 1.8187289267178621e+03</data></RT>
</opencv_storage>
