<?xml version="1.0"?>
<opencv_storage>
<calibration_time>"Thu 14 Jan 2021 11:40:14 GMT"</calibration_time>
<nr_of_frames>25</nr_of_frames>
<image_width>640</image_width>
<image_height>480</image_height>
<board_width>7</board_width>
<board_height>4</board_height>
<square_size>110.</square_size>
<fix_aspect_ratio>1.</fix_aspect_ratio>
<!-- flags: +fix_aspectRatio +fix_principal_point +zero_tangent_dist +fix_k4 +fix_k5 -->
<flags>6158</flags>
<fisheye_model>0</fisheye_model>
<camera_matrix type_id="opencv-matrix">
  <rows>3</rows>
  <cols>3</cols>
  <dt>d</dt>
  <data>
    6.4077413489529499e+02 0. 320. 0. 6.4077413489529499e+02 240. 0. 0.
    1.</data></camera_matrix>
<distortion_coefficients type_id="opencv-matrix">
  <rows>5</rows>
  <cols>1</cols>
  <dt>d</dt>
  <data>
    1.8510416652486392e-01 -2.1319822347893282e+00 0. 0.
    9.7822865232950331e+00</data></distortion_coefficients>
<avg_reprojection_error>3.2658712348804575e-01</avg_reprojection_error>
<per_view_reprojection_errors type_id="opencv-matrix">
  <rows>25</rows>
  <cols>1</cols>
  <dt>f</dt>
  <data>
    3.15629065e-01 3.20292354e-01 3.19071263e-01 3.14666510e-01
    3.16784978e-01 3.11355889e-01 3.22255105e-01 3.20877343e-01
    3.19410473e-01 3.19114566e-01 3.19170117e-01 3.15925658e-01
    3.20264131e-01 3.19027394e-01 3.17417145e-01 3.20197284e-01
    3.19012791e-01 3.15415740e-01 3.56402785e-01 3.59494269e-01
    3.56005222e-01 3.59325230e-01 3.34650248e-01 3.33012998e-01
    3.31543535e-01</data></per_view_reprojection_errors>
<!-- a set of 6-tuples (rotation vector + translation vector) for each view -->
<extrinsic_parameters type_id="opencv-matrix">
  <rows>25</rows>
  <cols>6</cols>
  <dt>d</dt>
  <data>
    -2.9269250347803422e-01 -1.5667198722139910e+00
    -2.3257107760215572e+00 2.4095201054709847e+02
    6.3682098401371161e+02 1.9097801786417456e+03
    -2.9274136961188785e-01 -1.5663112990674064e+00
    -2.3259640765643543e+00 2.4093876054268648e+02
    6.3708694303128982e+02 1.9096903377348290e+03
    -2.9275501563553541e-01 -1.5662634680105161e+00
    -2.3259170016401289e+00 2.4095766769953062e+02
    6.3700097445847496e+02 1.9096323551998241e+03
    -2.9247386140082560e-01 -1.5664139442461364e+00
    -2.3259219745022519e+00 2.4098411073059495e+02
    6.3700355376541677e+02 1.9097990949851467e+03
    -2.9267843107816860e-01 -1.5664635850266204e+00
    -2.3258559832946153e+00 2.4094611072086181e+02
    6.3695577407707970e+02 1.9096922581801662e+03
    -2.9242162192552135e-01 -1.5627897423100445e+00
    -2.3282421282820005e+00 2.4087753944704787e+02
    6.3608937249416738e+02 1.9099036606685836e+03
    -2.9276373553035129e-01 -1.5668214128114810e+00
    -2.3256610331751082e+00 2.4091951627081153e+02
    6.3704707530316171e+02 1.9095449847231894e+03
    -2.9297342568571832e-01 -1.5667863349598232e+00
    -2.3256818640945141e+00 2.4086345647159087e+02
    6.3714665068723093e+02 1.9095012295897311e+03
    -2.9289372379830275e-01 -1.5665067634970586e+00
    -2.3258150677793887e+00 2.4086638666643663e+02
    6.3692115078681604e+02 1.9094034401398721e+03
    -2.9276064410863323e-01 -1.5667535842821569e+00
    -2.3256943898204399e+00 2.4086185285898355e+02
    6.3690142144980859e+02 1.9093443137237412e+03
    -2.9278427080854058e-01 -1.5667235853268928e+00
    -2.3257681775997288e+00 2.4088324325471524e+02
    6.3686632702817144e+02 1.9092817814333666e+03
    -2.9279069746860453e-01 -1.5664168038434616e+00
    -2.3258229796295482e+00 2.4086398934945785e+02
    6.3684068432374954e+02 1.9094273464685768e+03
    -2.9273453058852095e-01 -1.5666224153928068e+00
    -2.3258295015872275e+00 2.4092726814993216e+02
    6.3688778725095744e+02 1.9094185454264496e+03
    -2.9321920240425858e-01 -1.5672529863930351e+00
    -2.3253278446039882e+00 2.4099023073306407e+02
    6.3721481390842837e+02 1.9090534782034727e+03
    -2.9272469013160679e-01 -1.5665242213765544e+00
    -2.3257727931609051e+00 2.4099499248340402e+02
    6.3696828021358385e+02 1.9094227389065793e+03
    -2.9285679321369423e-01 -1.5668298274976391e+00
    -2.3256614045182040e+00 2.4096740521431667e+02
    6.3697827962678900e+02 1.9090884316449860e+03
    -2.9287672423831690e-01 -1.5665619780838727e+00
    -2.3258738919568067e+00 2.4094898226615010e+02
    6.3693677060181938e+02 1.9094089579023162e+03
    -2.9305282797035748e-01 -1.5663021852422052e+00
    -2.3259298447439973e+00 2.4092182502301759e+02
    6.3679966411435248e+02 1.9092333995319345e+03
    -2.8118345080439444e-01 -1.5748442691124125e+00
    -2.3411408057460226e+00 2.6490937894166126e+02
    6.0849486846190655e+02 1.9742892013534522e+03
    -2.8135916084557472e-01 -1.5749179047972592e+00
    -2.3409948362009620e+00 2.6490468881261432e+02
    6.0836165231251744e+02 1.9741628601014997e+03
    -2.8131678540081273e-01 -1.5751176360822143e+00
    -2.3408887277030077e+00 2.6489642805017741e+02
    6.0854589145772172e+02 1.9739441144484842e+03
    -2.8117643782072477e-01 -1.5749910842927073e+00
    -2.3412182477087256e+00 2.6474727916216546e+02
    6.0834289316163802e+02 1.9738724120719678e+03
    -2.9336339675965806e-01 -1.5671212683888034e+00
    -2.3302097352709890e+00 2.8143990556960301e+02
    5.9340444119549795e+02 2.0081036973737359e+03
    -2.9285705016733010e-01 -1.5666776884325500e+00
    -2.3305305121343256e+00 2.8146540686357963e+02
    5.9350808992084103e+02 2.0083562999389260e+03
    -2.9307078103758277e-01 -1.5667484534054441e+00
    -2.3303344382511253e+00 2.8145930696439302e+02
    5.9330740915650756e+02 2.0083178042471202e+03</data></extrinsic_parameters>
